Tangential Coordintae (mm)	Measured Slope (rad)
-78.	-0.0012903510416785529
-77.8	-0.0013193557753384225
-77.6	-0.0013488227036150117
-77.4	-0.0013666078160655224
-77.2	-0.0013774871074344103
-77.	-0.0013889439888115712
-76.8	-0.0013957903520716193
-76.6	-0.0013972670924955813
-76.4	-0.0013953084267360305
-76.2	-0.0013914910997095574
-76.	-0.001386874408140786
-75.8	-0.0013821463126151793
-75.6	-0.0013775764773535652
-75.4	-0.0013731878322237028
-75.2	-0.0013690344319060132
-75.	-0.0013649357120572457
-74.8	-0.0013609134736124514
-74.6	-0.0013569883360157293
-74.4	-0.001353085633232943
-74.2	-0.0013492830340223112
-74.	-0.0013455660905746804
-73.8	-0.0013418046843474464
-73.6	-0.0013379543544378182
-73.4	-0.001334159130681094
-73.2	-0.0013303015913431542
-73.	-0.0013264440215137992
-72.8	-0.001322667116370061
-72.6	-0.0013189093727485224
-72.4	-0.0013150771932813076
-72.2	-0.0013113003998099925
-72.	-0.0013074341721487047
-71.8	-0.0013034693476912276
-71.6	-0.0012995590351349915
-71.4	-0.0012956267904590372
-71.2	-0.0012917247975831345
-71.	-0.0012878999337140608
-70.8	-0.0012840941430546907
-70.6	-0.0012803567580064277
-70.4	-0.0012766548799439522
-70.2	-0.0012728899525614491
-70.	-0.001268998853747095
-69.8	-0.001265187707401329
-69.6	-0.0012613697864358457
-69.4	-0.0012576058662351114
-69.2	-0.001253848096092756
-69.	-0.0012501208463564382
-68.8	-0.0012463866896059996
-68.6	-0.0012426231035010886
-68.4	-0.0012387919397054779
-68.2	-0.001234915148538125
-68.	-0.0012311110926443239
-67.8	-0.0012272569185344958
-67.6	-0.001223465072513183
-67.4	-0.001219774014450666
-67.2	-0.001215980842113657
-67.	-0.0012121618007478433
-66.8	-0.0012084169940273666
-66.6	-0.001204657360333079
-66.4	-0.0012008051222000878
-66.2	-0.0011969927676324038
-66.	-0.0011932174647158167
-65.8	-0.0011894966168190994
-65.6	-0.0011858400677183004
-65.4	-0.001182119704853627
-65.2	-0.0011783511895807827
-65.	-0.0011746409742288788
-64.8	-0.0011708954509717204
-64.6	-0.0011670974006844277
-64.4	-0.001163307374443762
-64.2	-0.0011595353977555255
-64.	-0.0011557457685475825
-63.8	-0.0011520306474389894
-63.6	-0.0011482517352829139
-63.4	-0.0011444158187940874
-63.2	-0.0011406479848592836
-63.	-0.0011369455090374818
-62.8	-0.001133121960687911
-62.6	-0.0011292747980667043
-62.4	-0.0011256295524592313
-62.2	-0.0011219035844040786
-62.	-0.0011182389167753075
-61.8	-0.0011145990308694077
-61.6	-0.0011109862881280008
-61.4	-0.00110736763505515
-61.2	-0.001103714246166912
-61.	-0.0011000226500617982
-60.8	-0.0010962730059731764
-60.6	-0.0010925636415506205
-60.4	-0.001088814318527464
-60.2	-0.0010850897002535605
-60.	-0.001081535865478995
-59.8	-0.0010778479950780565
-59.6	-0.0010740944261021653
-59.4	-0.0010704013310888839
-59.2	-0.001066723954256487
-59.	-0.0010629198496703378
-58.8	-0.001059084353171093
-58.6	-0.0010553741564303418
-58.4	-0.001051613000414833
-58.2	-0.0010479762120117256
-58.	-0.0010443336079546078
-57.8	-0.0010406638757115027
-57.6	-0.0010370579673190175
-57.4	-0.0010334731142115346
-57.2	-0.0010298255481030658
-57.	-0.0010261057797111394
-56.8	-0.0010224697384698385
-56.6	-0.0010188147747461941
-56.4	-0.0010152134911830244
-56.2	-0.0010116868961284214
-56.	-0.001008034993531266
-55.8	-0.00100443270655306
-55.6	-0.0010008532852249668
-55.4	-0.0009972244060840565
-55.2	-0.0009934654975638161
-55.	-0.000989710014284863
-54.8	-0.0009860377602590438
-54.6	-0.0009823080207641605
-54.4	-0.000978659943766622
-54.2	-0.0009750581687709616
-54.	-0.0009714164100011533
-53.8	-0.0009678080598230227
-53.6	-0.0009642583988085739
-53.4	-0.0009606749902196582
-53.2	-0.0009569780471203267
-53.	-0.0009533286413397557
-52.8	-0.0009497230807250818
-52.6	-0.000946160716179809
-52.4	-0.0009426173982782363
-52.2	-0.0009390277752085065
-52.	-0.0009354538237565513
-51.8	-0.0009319156054237949
-51.6	-0.0009283795301067392
-51.4	-0.0009247320810078873
-51.2	-0.0009210588532578132
-51.	-0.0009174576624663194
-50.8	-0.0009137468629983807
-50.6	-0.0009101363427609512
-50.4	-0.000906598115324201
-50.2	-0.0009029832938536518
-50.	-0.0008994454953719237
-49.8	-0.0008959862180909792
-49.6	-0.0008925421652029681
-49.4	-0.0008889181675332731
-49.2	-0.0008853524951792081
-49.	-0.0008818855031822414
-48.8	-0.000878312298380719
-48.6	-0.0008747087700116635
-48.4	-0.0008711555697656967
-48.2	-0.000867581128999622
-48.	-0.0008639645535181248
-47.8	-0.0008603506109446489
-47.6	-0.0008567376570252526
-47.4	-0.0008530909582237237
-47.2	-0.0008495413598589402
-47.	-0.0008459641720002373
-46.8	-0.0008424263944982343
-46.6	-0.0008389812229423546
-46.4	-0.0008354568945261758
-46.2	-0.0008319294917961246
-46.	-0.0008284626043834331
-45.8	-0.0008249824273828528
-45.6	-0.0008214963106165246
-45.4	-0.0008179466437922291
-45.2	-0.0008144216602177105
-45.	-0.0008108655204090354
-44.8	-0.0008073845654930313
-44.6	-0.0008040043790684159
-44.4	-0.0008004927989417795
-44.2	-0.0007969216956010873
-44.	-0.0007934505563893468
-43.8	-0.0007899729017202693
-43.6	-0.0007863321754142367
-43.4	-0.0007826941592727557
-43.2	-0.0007791959812867723
-43.	-0.0007756207556000055
-42.8	-0.0007720288161852443
-42.6	-0.0007685861123551137
-42.4	-0.0007650819307828516
-42.2	-0.0007615614087738887
-42.	-0.0007581569667788069
-41.8	-0.0007548361306871892
-41.6	-0.0007513849214462949
-41.4	-0.0007478274638198286
-41.2	-0.0007442907750132928
-41.	-0.0007407340881030434
-40.8	-0.0007371563378468514
-40.6	-0.0007336682127504256
-40.4	-0.0007302146585857461
-40.2	-0.0007268743569435491
-40.	-0.000723563027746528
-39.8	-0.0007201968010547336
-39.6	-0.0007167585071245241
-39.4	-0.0007132775294089805
-39.2	-0.0007097132379406966
-39.	-0.0007061043898479026
-38.8	-0.0007025304990186114
-38.6	-0.0006991297825222662
-38.4	-0.0006956739474836049
-38.2	-0.0006922391364078781
-38.	-0.000688831368906997
-37.8	-0.0006854365192926905
-37.6	-0.0006819137414558866
-37.4	-0.000678353534475668
-37.2	-0.0006749520983754708
-37.	-0.0006715710059970738
-36.8	-0.0006682796546141462
-36.6	-0.0006650799304928565
-36.4	-0.0006617632071601453
-36.2	-0.0006583468723866598
-36.	-0.0006549024981274129
-35.8	-0.0006515013983821531
-35.6	-0.0006480376669382204
-35.4	-0.0006445132155293088
-35.2	-0.0006410949628633886
-35.	-0.0006376677040688664
-34.8	-0.0006341194628259596
-34.6	-0.0006306493073809263
-34.4	-0.0006271307396738169
-34.2	-0.0006235487415019191
-34.	-0.0006200295819871388
-33.8	-0.0006166461081818765
-33.6	-0.000613303085425175
-33.4	-0.0006098653044592099
-33.2	-0.0006065914182795566
-33.	-0.0006034007069278035
-32.8	-0.0006000891764668559
-32.6	-0.0005967633523994847
-32.4	-0.0005933726009208864
-32.2	-0.0005898852371433294
-32.	-0.0005864455313358519
-31.8	-0.0005829630226755659
-31.6	-0.0005795552093740333
-31.4	-0.000576180992237404
-31.2	-0.0005728706285135869
-31.	-0.0005695845831407465
-30.8	-0.0005661930415582177
-30.6	-0.0005629034645414573
-30.4	-0.0005596462848765247
-30.2	-0.0005562472910901346
-30.	-0.0005528227735293476
-29.8	-0.0005494094877126093
-29.6	-0.0005461199168125174
-29.4	-0.0005427131927439628
-29.2	-0.0005392456983292355
-29.	-0.000535933122646777
-28.8	-0.0005326448654812847
-28.6	-0.0005294143696637732
-28.4	-0.000526194264573488
-28.2	-0.0005228108526212004
-28.	-0.0005193890818993171
-27.8	-0.0005160226832270279
-27.6	-0.0005126880625719686
-27.4	-0.0005092438580328395
-27.2	-0.0005057799148180905
-27.	-0.0005026021041150288
-26.8	-0.0004994473211139386
-26.6	-0.0004960998944675228
-26.4	-0.0004927298317005536
-26.2	-0.0004894639762482379
-26.	-0.000486097944234567
-25.8	-0.0004826836522955494
-25.6	-0.00047934199350714417
-25.4	-0.000476044733867258
-25.2	-0.00047270928870945373
-25.	-0.00046934812913013965
-24.8	-0.0004660622272072977
-24.6	-0.0004626737257558068
-24.4	-0.000459319029133585
-24.2	-0.00045609977103173863
-24.	-0.0004527842968577236
-23.8	-0.0004494788686393648
-23.6	-0.00044622703946848815
-23.4	-0.0004430445596822552
-23.2	-0.0004398438598138215
-23.	-0.00043645791054176033
-22.8	-0.0004330833454389357
-22.6	-0.0004298319281181873
-22.4	-0.0004265326271220017
-22.2	-0.00042321041323328774
-22.	-0.00041989950787249845
-21.8	-0.00041666662649752687
-21.6	-0.00041340252742733444
-21.4	-0.00041011723411783844
-21.2	-0.00040686438593694766
-21.	-0.00040356191047764286
-20.8	-0.0004002639928359872
-20.6	-0.0003970569669640473
-20.4	-0.00039381842424980953
-20.2	-0.0003905612479868896
-20.	-0.00038740314233155976
-19.8	-0.0003841337346002857
-19.6	-0.00038081560291962086
-19.4	-0.0003775921413684463
-19.2	-0.00037440294574252257
-19.	-0.00037122872272546474
-18.8	-0.00036796123191654064
-18.6	-0.00036466573823523154
-18.4	-0.0003614290117110951
-18.2	-0.0003580760125589661
-18.	-0.00035476907707849236
-17.8	-0.0003515594232608154
-17.6	-0.0003482752141643539
-17.4	-0.0003450186656588008
-17.2	-0.00034185995839982697
-17.	-0.000338640393943771
-16.8	-0.0003354410655598668
-16.6	-0.0003321513695951432
-16.4	-0.0003288989590280923
-16.2	-0.0003256845786641554
-16.	-0.00032247948028335315
-15.8	-0.00031935454630529846
-15.6	-0.00031619239018825386
-15.4	-0.0003129506501010908
-15.2	-0.0003097288472369276
-15.	-0.0003065457561999936
-14.8	-0.0003033240605728038
-14.6	-0.0003000178947783693
-14.4	-0.0002966721332331951
-14.2	-0.00029343078736729703
-14.	-0.00029020765359530793
-13.8	-0.0002870140144148963
-13.6	-0.00028391318898881305
-13.4	-0.00028078120997618197
-13.2	-0.0002776702388321798
-13.	-0.0002746003500683599
-12.8	-0.00027145832343314027
-12.6	-0.0002682719151479201
-12.4	-0.0002650352781637009
-12.2	-0.0002617669631667019
-12.	-0.00025851726370232467
-11.8	-0.0002552196529564541
-11.6	-0.00025201127361344273
-11.4	-0.0002488653899478678
-11.2	-0.0002456473105020353
-11.	-0.00024249721170021863
-10.8	-0.00023945653148701898
-10.6	-0.00023641854171021432
-10.4	-0.00023330080120397128
-10.2	-0.00023005930846302914
-10.	-0.00022687562725279715
-9.8	-0.0002236806727806735
-9.6	-0.00022044368675158438
-9.4	-0.00021726181373938185
-9.2	-0.00021420919002971303
-9.	-0.00021104485569606603
-8.8	-0.00020784303470566104
-8.6	-0.0002048001279305606
-8.4	-0.00020165604741257976
-8.2	-0.00019851013889751553
-8.	-0.00019530874357892128
-7.8	-0.00019204894125375013
-7.6	-0.00018888990803791816
-7.4	-0.00018566372204198363
-7.2	-0.00018257332283431565
-7.	-0.00017954952427424211
-6.8	-0.00017640361395012799
-6.6	-0.00017324094991951025
-6.4	-0.0001702498055511561
-6.2	-0.00016722717914910778
-6.	-0.0001641804164442683
-5.8	-0.0001610661805673471
-5.6	-0.00015791752457355743
-5.4	-0.0001547728090604518
-5.2	-0.00015153255438487675
-5.	-0.00014829150659094345
-4.8	-0.0001451446000122576
-4.6	-0.0001420225720430516
-4.4	-0.00013889055282226411
-4.2	-0.00013583008326566864
-4.	-0.0001328682011340183
-3.8	-0.00012984467901723496
-3.6	-0.00012672552090101108
-3.4	-0.00012349744144438184
-3.2	-0.00012030970578418445
-3.	-0.00011718133945142217
-2.8	-0.00011406816953987188
-2.6	-0.00011101171810962204
-2.4	-0.00010793291761934175
-2.2	-0.00010483854785657174
-2.	-0.00010180798567099256
-1.8	-0.00009881972855003886
-1.6	-0.00009580339522659043
-1.4	-0.000092743990130123
-1.2	-0.00008967716626641198
-1.	-0.00008662794323096249
-0.8	-0.00008356214456611677
-0.6	-0.00008043475904703522
-0.4	-0.00007744174357357559
-0.2	-0.00007443769867820899
0	-0.00007130954544943942
0.2	-0.00006818522571951174
0.4	-0.00006513354044434539
0.6	-0.00006205372066951293
0.8	-0.00005896227243618694
1.	-0.000055836070651260225
1.2	-0.00005266082825076875
1.4	-0.00004962570526287215
1.6	-0.00004653778074599212
1.8	-0.00004347142398380538
2.	-0.00004047254703415227
2.2	-0.000037411189227374856
2.4	-0.00003434419500890582
2.6	-0.000031341633748929566
2.8	-0.000028357327807353974
3.	-0.000025346014627061102
3.2	-0.00002232079525495063
3.4	-0.00001925304579411448
3.6	-0.000016183932640386416
3.8	-0.00001314271333577996
4.	-0.000010103318066101893
4.2	-7.093328455777488e-6
4.4	-4.098968552619837e-6
4.6	-1.0785538980018177e-6
4.8	1.890606834578159e-6
5.	4.874766965579704e-6
5.2	7.83325526598481e-6
5.4	0.000010836605326655899
5.6	0.000013894631724406472
5.8	0.000016980466202330453
6.	0.000019981523341684127
6.2	0.000023064153068774955
6.4	0.000026131675405670764
6.6	0.000029093150616575534
6.8	0.00003216352644813156
7.	0.00003521348410885925
7.2	0.000038149065713123924
7.4	0.00004109082070809456
7.6	0.00004406562352559637
7.8	0.00004707903099098402
8.	0.000050105269764362774
8.2	0.000053100860925723374
8.4	0.000056046241629592506
8.6	0.00005907088507061311
8.8	0.00006201955854672239
9.	0.00006495196285150309
9.2	0.00006801585521558432
9.4	0.00007106481325584649
9.6	0.00007399379186509754
9.8	0.00007695329396430566
10.	0.0000799462759180219
10.2	0.00008298385488074558
10.4	0.00008600169185963613
10.6	0.00008896982393086607
10.8	0.00009196560078715798
11.	0.00009494888063554913
11.2	0.00009782304566836499
11.4	0.00010072813763588006
11.6	0.00010371315140388041
11.8	0.00010662138342248839
12.	0.00010949642703604481
12.2	0.00011240701372450604
12.4	0.0001153966756311417
12.6	0.00011840325738851249
12.8	0.00012136860681338018
13.	0.00012431715078835246
13.2	0.00012732535458579737
13.4	0.00013031052980687347
13.6	0.0001332454939286447
13.8	0.00013622652042185967
14.	0.00013929208969276893
14.2	0.00014228271621896164
14.4	0.00014515576004424973
14.6	0.0001480062725671446
14.8	0.00015086023193920079
15.	0.00015379131250761933
15.2	0.00015670063078334853
15.4	0.00015959126041462275
15.6	0.00016253377448108137
15.8	0.00016543573559168228
16.	0.00016833542096293861
16.2	0.00017133547519891494
16.4	0.00017436038390917003
16.6	0.00017726953391888962
16.8	0.00018015220821054236
17.	0.00018304904088138865
17.2	0.0001859800336592961
17.4	0.00018895968684481387
17.6	0.00019188066497273523
17.8	0.00019480041108651213
18.	0.00019774570808427908
18.2	0.00020064767354956007
18.4	0.0002035307311925331
18.6	0.00020645127229144858
18.8	0.0002093488070163196
19.	0.0002121886058274293
19.2	0.00021497898882683885
19.4	0.00021783056816211633
19.6	0.00022075195499416276
19.8	0.00022372841543704788
20.	0.00022665963657591092
20.2	0.00022955201846114993
20.4	0.00023252343237531854
20.6	0.00023539381212413422
20.8	0.00023818161894781053
21.	0.00024104107586016548
21.2	0.0002439292250863808
21.4	0.00024679729604386454
21.6	0.0002496203248627462
21.8	0.00025248068555933
22.	0.000255367686402578
22.2	0.00025836142068337526
22.4	0.0002613171816293614
22.6	0.000264209415286377
22.8	0.0002671165336184892
23.	0.00026998187178597243
23.2	0.0002727938874522911
23.4	0.0002756328035680974
23.6	0.0002784981257632358
23.8	0.00028127379640875504
24.	0.00028408346482528733
24.2	0.00028687290236084444
24.4	0.00028967126280412305
24.6	0.0002925388279948092
24.8	0.00029546485917294644
25.	0.0002982893855569293
25.2	0.00030113290296351685
25.4	0.00030401318111739
25.6	0.00030686142095149205
25.8	0.0003097245440530501
26.	0.0003126105269864666
26.2	0.0003154898812628129
26.4	0.0003183152584562611
26.6	0.0003211535533055378
26.8	0.00032397505722421414
27.	0.00032689719290582276
27.2	0.00032974124909860414
27.4	0.0003325104626419061
27.6	0.0003353843654930762
27.8	0.00033821751525620194
28.	0.0003409725557069436
28.2	0.00034374597751846234
28.4	0.0003465524164338281
28.6	0.00034939561110306725
28.8	0.00035217266761405176
29.	0.00035494523708011006
29.2	0.00035771406386583365
29.4	0.0003605489515801682
29.6	0.0003634525558441919
29.8	0.00036631649684515984
30.	0.00036918023609281407
30.2	0.0003720666352513028
30.4	0.0003749071540332126
30.6	0.00037770261392267875
30.8	0.0003805305693798379
31.	0.00038335609301480496
31.2	0.0003860921655176744
31.4	0.00038882226612794264
31.6	0.0003915697852047257
31.8	0.00039430994579095415
32.	0.00039714650532439357
32.2	0.00039996392347733413
32.4	0.00040267457314962704
32.6	0.0004054749436548049
32.8	0.0004082986697090228
33.	0.0004110710204827744
33.2	0.00041386655727275717
33.4	0.0004166976084240633
33.6	0.0004194423058637651
33.8	0.0004221705515959792
34.	0.0004249383178728795
34.2	0.00042770145963226324
34.4	0.00043054917016553267
34.6	0.0004334332552230702
34.8	0.00043627711238647014
35.	0.00043906129390680143
35.2	0.0004418095986092624
35.4	0.0004445328026881837
35.6	0.0004472315241666886
35.8	0.00044997351161424164
36.	0.0004526733557050857
36.2	0.0004553785363966166
36.4	0.00045810920363304066
36.6	0.0004608200545964474
36.8	0.0004635837409702085
37.	0.0004664133039003447
37.2	0.0004691858555469263
37.4	0.000471876171154632
37.6	0.00047463723854075353
37.8	0.00047744782453560037
38.	0.000480157363266185
38.2	0.0004828991668914226
38.4	0.0004857069136455257
38.6	0.000488459178305412
38.8	0.0004912202557777922
39.	0.0004939753431755387
39.2	0.0004967290962364042
39.4	0.0004995211186322714
39.6	0.0005022830776127604
39.8	0.0005049950829921736
40.	0.0005076881998401307
40.2	0.0005104622083140161
40.4	0.0005131724676346229
40.6	0.0005158232764592104
40.8	0.0005185148639169394
41.	0.0005212440816315278
41.2	0.0005239244605006263
41.4	0.0005265457222988005
41.6	0.0005292453320688045
41.8	0.0005319936673357041
42.	0.0005348060148167656
42.2	0.0005376234261170712
42.4	0.0005403688940642999
42.6	0.0005430926155102169
42.8	0.0005458310333473353
43.	0.0005485067552837107
43.2	0.0005511453691126863
43.4	0.0005538186122276878
43.6	0.0005564477482538076
43.8	0.0005591164090471843
44.	0.0005617603102984071
44.2	0.0005644164397095573
44.4	0.0005671056107200562
44.6	0.0005698389871470769
44.8	0.0005726114604078967
45.	0.0005753206556293439
45.2	0.0005780399628377106
45.4	0.000580758671536178
45.6	0.0005833981026890813
45.8	0.0005860428859991232
46.	0.0005887716035486477
46.2	0.0005914552109073449
46.4	0.000594109399707495
46.6	0.000596771285681515
46.8	0.0005993772071386654
47.	0.0006020635994660322
47.2	0.0006047886488441943
47.4	0.0006074630633943982
47.6	0.0006101485327532674
47.8	0.0006127960072391695
48.	0.0006155005328420472
48.2	0.0006181738011395213
48.4	0.0006208107084508079
48.6	0.0006235001383125486
48.8	0.0006262097108247923
49.	0.0006288311727482218
49.2	0.0006314996754581405
49.4	0.0006341259651033268
49.6	0.000636757181666485
49.8	0.000639443108746466
50.	0.0006420873407327256
50.2	0.0006446989267485759
50.4	0.0006474088961519602
50.6	0.0006501314510091364
50.8	0.0006528219630645813
51.	0.0006554669665488698
51.2	0.0006581803603375779
51.4	0.0006608211559841596
51.6	0.0006633746741476773
51.8	0.0006659203252860999
52.	0.0006685125057484674
52.2	0.0006711371143338056
52.4	0.0006738268684844463
52.6	0.0006765188750378059
52.8	0.000679094161276097
53.	0.0006817238487764109
53.2	0.0006843865598393247
53.4	0.000686980708882289
53.6	0.0006895378870622912
53.8	0.0006921799932671877
54.	0.000694841502318378
54.2	0.0006974579292716383
54.4	0.000700051921124683
54.6	0.0007026605388401319
54.8	0.0007053015449364149
55.	0.0007079785736824792
55.2	0.0007106559890491909
55.4	0.0007132719338544234
55.6	0.000715879884201864
55.8	0.0007184954057375658
56.	0.0007210533393652142
56.2	0.0007235979505162428
56.4	0.0007262210157888911
56.6	0.0007288450078489662
56.8	0.00073141102772068
57.	0.0007339800887794127
57.2	0.0007365320902632685
57.4	0.0007391038959272352
57.6	0.000741710209691681
57.8	0.0007443517044382559
58.	0.0007469576040672012
58.2	0.0007495555227707729
58.4	0.00075223368844647
58.6	0.0007549160020859033
58.8	0.0007574838180102666
59.	0.0007600682346692172
59.2	0.0007626954142283348
59.4	0.0007652911761674994
59.6	0.0007678375607970345
59.8	0.0007703225415710312
60.	0.0007728317506614089
60.2	0.000775414251998104
60.4	0.0007780351515811391
60.6	0.0007805838775532951
60.8	0.0007831081825282003
61.	0.0007857432912082021
61.2	0.0007883620101292999
61.4	0.0007908097326870486
61.6	0.0007933752931368664
61.8	0.0007960101084544512
62.	0.0007986745237889241
62.2	0.0008012442012786332
62.4	0.0008038005571657886
62.6	0.0008063937235292584
62.8	0.0008089370642507671
63.	0.0008115203536865633
63.2	0.0008140976306842275
63.4	0.0008166846814352729
63.6	0.0008191776945669132
63.8	0.0008217333816937679
64.	0.000824285898888341
64.2	0.0008267712754052785
64.4	0.0008292267297152361
64.6	0.0008317887202544538
64.8	0.0008342830809269993
65.	0.0008367377824085421
65.2	0.0008392785793700106
65.4	0.0008417761584413755
65.6	0.0008443400095797799
65.8	0.0008469964613407602
66.	0.0008495996690570615
66.2	0.0008521437137179174
66.4	0.000854693486933448
66.6	0.0008572807869451609
66.8	0.0008598020940441184
67.	0.0008623043418715003
67.2	0.0008648407081233148
67.4	0.0008673960510368073
67.6	0.0008699135303791641
67.8	0.000872358412179516
68.	0.0008748454091915108
68.2	0.0008773077185656474
68.4	0.0008797827800444759
68.6	0.0008823792585909403
68.8	0.0008849480999498111
69.	0.0008874508643632956
69.2	0.0008899634786509633
69.4	0.0008924806470837776
69.6	0.0008949503276814496
69.8	0.000897451226072934
70.	0.0009000018586092354
70.2	0.0009024915426334463
70.4	0.0009049580092076644
70.6	0.0009074248298885304
70.8	0.0009097783190623655
71.	0.0009120808375272075
71.2	0.000914426422834781
71.4	0.0009169273246411772
71.6	0.0009194652379792731
71.8	0.0009220386537880649
72.	0.0009247748396106141
72.2	0.0009275855377561397
72.4	0.0009301472598814153
72.6	0.0009326100374018179
72.8	0.0009350796267993117
73.	0.0009375202127782775
73.2	0.000939840628941388
73.4	0.0009422172469242189
73.6	0.0009448137244304919
73.8	0.0009474190745321603
74.	0.0009498070573800924
74.2	0.0009519135028756583
74.4	0.0009536987097251077
74.6	0.0009554867951189149
74.8	0.0009585571184439045
75.	0.0009643621614134085
75.2	0.0009732622770195221
75.4	0.0009852724887041567
75.6	0.0009988236454424478
75.8	0.0010102720359696357
76.	0.001016996656211208
76.2	0.0010184079864462505
76.4	0.0010151050779555247
76.6	0.0010083327617614385
76.8	0.0010002628791491637
77.	0.000992728956670914
77.2	0.0009851655180463253
77.4	0.0009773345406721057
77.6	0.0009713977925312207
77.8	0.000964330028104402
78.	0.0009542268488572363